Optimal FPS Value: 4000.0
Mode Share Equity Score: 0.2678

Optimal Subsidy Allocations:
  high_MaaS_Bundle: 0.06697604986240194
  high_bike: 0.07888909333550918
  high_car: 0.1285221765437425
  high_public: 0.1635990830318942
  low_MaaS_Bundle: 0.560918091652836
  low_bike: 0.5792160394408812
  low_car: 0.6856174151341234
  low_public: 0.45889594082940544
  middle_MaaS_Bundle: 0.3591670900934917
  middle_bike: 0.40044036283673845
  middle_car: 0.3228142764976517
  middle_public: 0.2628010644670118

Equity Score by Income Level:
  Low: 0.10533206630767615
  Middle: 0.055358462675535874
  High: 0.10711646077499729
