policy_source_fps=3500.0
scenario_path=/home/z5247491/MaaS-Simulation/MaaS-Centralised/det_mode_share_runs_allfps/det_allfps_7507316.kman.restech.unsw.edu.au/seed_0/deterministic_scenario.json
fps_values=300.0,600.0,900.0,1200.0,1500.0,1800.0,2000.0,2300.0,2600.0,3000.0,3500.0,4500.0,6500.0
num_fps=13
trip_signature_count=3

Key observations
- equity_min=0.312545, equity_max=1.418149
- subsidy_used_min=300.000000, subsidy_used_max=1873.612670
